    ELEM MAT TYP REL ESY SEC        NODES
 
       1   1   1   1   0   1     34     8    15    15    19    14    15    31
       2   1   1   1   0   1     34    12     8     8    30    13     8    19
       3   1   1   1   0   1     36    34     6     6    20    33     6    24
       4   1   1   1   0   1     36    12    34    34    22    30    34    20
       5   1   1   1   0   1     35    34    15    15    21    31    15    26
       6   1   1   1   0   1     35     4    34    34    27    32    34    21
       7   1   1   1   0   1     12    36    10    10    22    23    10    11
       8   1   1   1   0   1     36     2    10    10    25     9    10    23
       9   1   1   1   0   1      6     2    36    36     7    25    36    24
      10   1   1   1   0   1     17    35    15    15    28    26    15    16
      11   1   1   1   0   1     35     1     4     4    29     3     4    27
      12   1   1   1   0   1     17     1    35    35    18    29    35    28
      13   1   1   1   0   1      4     6    34    34     5    33    34    32
      14   1   1   1   0   1     63    37    44    44    48    43    44    60
      15   1   1   1   0   1     63    41    37    37    59    42    37    48
      16   1   1   1   0   1     64    63     4     4    49    62     4    57
      17   1   1   1   0   1     64    41    63    63    55    59    63    49
      18   1   1   1   0   1     65    63    44    44    50    60    44    51
      19   1   1   1   0   1     65     6    63    63    52    61    63    50
      20   1   1   1   0   1     46    65    44    44    53    51    44    45
 
    ELEM MAT TYP REL ESY SEC        NODES
 
      21   1   1   1   0   1     65     2     6     6    54     7     6    52
      22   1   1   1   0   1     46     2    65    65    47    54    65    53
      23   1   1   1   0   1     41    64    39    39    55    56    39    40
      24   1   1   1   0   1     64     1    39    39    58    38    39    56
      25   1   1   1   0   1      4     1    64    64     3    58    64    57
      26   1   1   1   0   1      6     4    63    63     5    62    63    61